530070000
600195000
098000060
800060003
400803001
700020006
060000280
000419005
000080079

300801002
201030604
000204000
809000106
060000050
702000409
000509000
904080705
600107003


000003900
047051083
003002000
690307500
100060002
004108039
000500400
420870360
001200000

054283000
000001800
823000401
076300500
000965000
005008130
507000982
008500000
000897360

001240000
320700860
904000010
050870139
009000700
713096080
090000603
037005021
000067500

000003900
047051083
003002000
690307500
100060002
004108039
000500400
420870360
001200000

000704010
050030204
900650800
000500340
042173650
036002000
008015006
405080090
090306000

009078300
070050009
006010005
034006901
700403008
908100450
800030100
300060040
005940800

000501407
017800023
020007058
009080502
000105000
405060700
790300010
350002970
201906000

000000705
204003000
908002060
049280307
507604209
803017540
030700601
000300904
706000000


