870050060
009102030
000080000
000000450
100534008
095000000
000040000
030708900
080060021

904000700
008007540
010500000
531200000
009000200
000005416
000002070
067100300
003000102

806000030
010035006
070080001
200000400
000163000
003000090
500020090
600540010
040000607

700000400
095327000
020000009
600200040
900060007
040001002
100000030
000798160
009000008

000600080
100040500
250000003
000806304
090301070
305407000
600000018
003070006
010004000

072800000
450000001
910003700
000038500
000706000
009140000
001300026
600000034
000004870

075000300
000400002
908003000
000010539
009000800
413050000
000500103
300007000
006000720

405009002
000006070
007210500
300000201
700000005
908000007
004062100
080900000
200700604

050040030
600700000
710905000
400000600
900604001
001000008
000209083
000006005
040080060

000870092
090000000
043002005
000008601
300050008
608100000
500600870
000000050
780043000

