504018000
003900100
018003257
040001000
800000006
000800010
236700540
005006800
000520603

002004008
000070043
500839000
009000207
083090460
705000100
000947002
410080000
900500300

560207000
003408020
400105300
020000000
049050870
000000010
008301006
070506100
000709052

000020040
002405980
040009530
620000000
407000203
000000019
056200070
083107400
010090000

080204050
009000400
003500007
300005860
078000210
092600004
900002500
004000600
060901040

000100390
100070205
000350104
009500000
034090510
000003600
305069000
908040001
047001000

001086004
040100003
000040000
560000341
009000600
183000075
000070000
300002050
800350100

000008031
009030400
000025607
000050006
720060043
300040000
407590000
006010700
250600000

090480006
006000001
008005740
002040085
004050600
570060400
069700500
100000900
300094060

079000508
500900000
000500970
004075002
360020085
900610400
095004000
000002001
208000740



